4528.601 0.134 1.361 0.258 0.417 9.861 2610.486 0.454 3.618 0.286 36.196 1376.621 0.513 2.731 11 0.447 1.2 5.984 
5366.911 0.133 2.024 0.228 0.511 9.237 2238.937 0.371 3.12 0.214 36.537 1278.017 0.349 3.703 10 0.297 0.9 7.121 
5270.004 0.121 1.411 0.327 0.494 8.759 2257.053 0.274 1.655 0.272 34.46 1336.291 0.527 3.691 11 0.3 0.9 7.115 
5297.569 0.163 1.631 0.248 0.459 10.458 2455.148 0.36 2.907 0.27 33.704 1600.333 0.291 3.69 12 0.3 0.9 7.109 
6874.374 0.161 1.464 0.254 0.562 8.295 2352.261 0.47 2.949 0.25 34.236 1386.723 0.567 3.692 11 0.299 0.9 7.105 
6276.965 0.142 2.019 0.287 0.553 10.843 2107.486 0.213 2.89 0.219 32.776 1647.738 0.29 3.702 11 0.297 0.9 7.119 
4985.183 0.155 1.55 0.288 0.512 11.55 2326.538 0.408 3.388 0.289 33.477 1299.866 0.36 2.754 9 0.443 1.2 5.934 
6961.561 0.159 1.379 0.216 0.519 11.403 2437.638 0.452 1.076 0.283 34.239 1327.797 0.693 3.706 11 0.296 0.9 7.114 
6745.039 0.119 1.571 0.354 0.492 11.633 2299.58 0.293 1.485 0.218 33.204 1642.186 0.576 3.69 9 0.3 0.9 7.135 
5974.718 0.109 2.967 0.315 0.369 9.73 2655.877 0.443 2.167 0.214 35.435 1554.377 0.484 2.742 11 0.444 1.2 5.974 
5647.002 0.107 2.537 0.355 0.329 10.47 2542.726 0.34 1.844 0.293 33.636 1561.245 0.473 3.706 11 0.296 0.9 7.13 
5760.865 0.174 2.068 0.307 0.402 8.602 2337.475 0.296 3.264 0.229 36.307 1482.784 0.196 2.753 10 0.441 1.2 5.889 
4614.486 0.181 2.613 0.208 0.369 8.605 2123.759 0.345 1.242 0.232 34.338 1252.286 0.645 3.694 12 0.299 0.9 7.123 
4248.279 0.174 2.352 0.372 0.448 9.071 2221.029 0.35 1.005 0.211 35.108 1433.877 0.713 2.744 12 0.443 1.2 5.974 
4734.052 0.119 1.316 0.379 0.538 8.41 2415.704 0.24 2.293 0.289 31.959 1333.407 0.345 3.704 11 0.297 0.9 7.131 
4710.513 0.156 2.146 0.34 0.557 10.656 2618.105 0.362 1.711 0.255 35.458 1233.155 0.511 3.704 8 0.297 0.9 7.115 
6642.236 0.14 2.869 0.356 0.566 11.031 2114.835 0.24 2.304 0.287 34.149 1236.064 0.435 3.704 11 0.296 0.9 7.097 
6038.102 0.174 2.213 0.282 0.489 10.78 2380.072 0.39 1.346 0.269 35.123 1469.814 0.615 3.705 11 0.296 0.9 7.097 
6977.645 0.12 1.64 0.281 0.587 9.999 2312.562 0.236 2.149 0.298 33.858 1618.529 0.386 3.706 11 0.296 0.9 7.127 
5664.883 0.183 2.231 0.202 0.354 8.666 2635.59 0.215 1.513 0.201 31.933 1428.735 0.568 3.705 12 0.296 0.9 7.132 
5283.462 0.185 1.491 0.373 0.574 9.906 2340.647 0.456 3.895 0.276 35.927 1594.15 0.52 2.756 11 0.441 1.2 5.891 
6493.079 0.179 2.018 0.281 0.567 9.422 2520.078 0.412 1.442 0.275 34.825 1546.944 0.588 3.708 11 0.296 0.9 7.13 
6442.137 0.148 1.132 0.355 0.406 11.428 2410.473 0.285 2.233 0.277 33.781 1649.548 0.434 3.702 8 0.297 0.9 7.112 
6015.397 0.139 2.01 0.207 0.564 8.312 2285.998 0.261 2.154 0.268 36.265 1409.945 0.409 3.702 11 0.297 0.9 7.119 
6643.377 0.168 1.201 0.208 0.481 8.712 2104.82 0.46 3.324 0.245 31.883 1575.046 0.533 3.703 10 0.297 0.9 7.112 
6273.006 0.132 2.419 0.212 0.429 11.072 2238.1 0.275 3.42 0.249 35.378 1370.769 0.394 3.691 9 0.3 0.9 7.136 
5605.75 0.166 2.919 0.203 0.486 8.573 2240.7 0.438 2.985 0.266 31.776 1585.745 0.46 3.706 11 0.296 0.9 7.112 
5421.745 0.19 1.689 0.271 0.361 9.406 2229.209 0.206 1.953 0.222 33.481 1649.472 0.442 3.705 12 0.296 0.9 7.113 
6712.006 0.115 2.743 0.282 0.517 10.574 2360.012 0.445 2.161 0.269 36.104 1284.225 0.483 3.69 11 0.3 0.9 7.122 
5388.137 0.101 1.83 0.329 0.474 8.568 2341.483 0.491 1.393 0.286 33.52 1213.469 0.637 3.688 12 0.301 0.9 7.123 
6299.633 0.131 1.555 0.375 0.327 11.75 2192.833 0.2 3.507 0.251 33.344 1503.425 0.346 3.693 9 0.299 0.9 7.166 
5838.843 0.136 1.547 0.205 0.444 9.788 2479.65 0.471 1.307 0.237 36.834 1625.827 0.627 3.688 12 0.3 0.9 7.125 
5946.242 0.191 2.543 0.393 0.335 9.969 2094.832 0.388 3.628 0.208 36.185 1332.362 0.33 3.692 11 0.299 0.9 7.115 
5964.805 0.135 1.317 0.371 0.482 10.846 2254.644 0.363 3.085 0.228 32.038 1382.38 0.342 2.736 11 0.444 1.2 5.977 
5648.902 0.146 2.134 0.252 0.569 11.942 2241.311 0.407 1.238 0.263 35.344 1261.263 0.646 3.703 10 0.297 0.9 7.125 
5582.06 0.155 1.009 0.353 0.377 11.796 2658.497 0.462 3.358 0.222 35.698 1550.417 0.54 2.752 9 0.442 1.2 5.895 
