4859.858 0.174 1.803 0.33 0.356 10.421 2367.751 0.212 1.517 0.227 34.754 1434.338 0.567 2.191 12 0.615 1.4 5.433 
6567.22 0.138 1.86 0.245 0.488 9.336 2516.85 0.237 2.633 0.231 36.757 1595.141 0.3 2.053 11 0.66 1.45 5.417 
5127.785 0.167 1.119 0.358 0.55 9.729 2401.709 0.294 2.854 0.241 33.724 1462.804 0.441 2.476 9 0.525 1.3 5.8 
4264.907 0.105 2.448 0.223 0.499 8.644 2318.925 0.373 1.317 0.257 35.137 1271.946 0.624 2.453 10 0.53 1.3 5.886 
4519.423 0.123 1.084 0.376 0.415 8.174 2530.218 0.207 1.876 0.243 36.807 1419.922 0.464 2.181 11 0.617 1.4 5.204 
4572.76 0.188 2.694 0.32 0.415 9.267 2222.979 0.361 1.399 0.292 32.861 1620.354 0.6 2.435 12 0.54 1.3 5.909 
5921.902 0.152 2.643 0.248 0.388 10.339 2629.958 0.36 1.618 0.267 33.664 1517.516 0.538 2.497 11 0.518 1.3 5.807 
5591.515 0.126 1.118 0.322 0.593 9.624 2181.312 0.291 1.609 0.207 32.76 1350.394 0.54 2.216 11 0.606 1.35 5.444 
6253.245 0.167 1.19 0.306 0.472 9.536 2358.54 0.239 2.994 0.254 34.216 1234.331 0.405 2.481 11 0.522 1.3 5.866 
4698.26 0.158 2.254 0.31 0.35 11.254 2303.969 0.231 3.056 0.2 34.175 1207.311 0.3 2.188 12 0.616 1.4 5.45 
6985.583 0.174 2.012 0.297 0.403 10.862 2301.854 0.417 2.316 0.252 34.831 1567.962 0.39 2.454 10 0.532 1.3 5.891 
4334.248 0.134 2.991 0.256 0.301 8.772 2380.095 0.404 1.019 0.236 34.484 1608.386 0.709 2.116 12 0.64 1.4 5.29 
6187.948 0.114 1.688 0.383 0.385 11.796 2088.653 0.427 1.598 0.202 33.955 1223.545 0.543 2.461 12 0.532 1.3 5.805 
6293.599 0.174 2.047 0.27 0.344 9.916 2184.156 0.287 1.14 0.21 33.029 1464.945 0.674 2.481 9 0.524 1.3 5.805 
5462.027 0.122 1.327 0.346 0.444 10.443 2428.804 0.242 3.406 0.242 32.253 1587.497 0.337 2.435 10 0.54 1.3 5.911 
6809.423 0.118 2.396 0.252 0.563 8.683 2526.214 0.476 2.622 0.218 32.967 1357.137 0.587 2.461 12 0.528 1.3 5.888 
5613.035 0.143 1.335 0.236 0.539 8.242 2076.589 0.221 1.406 0.252 36.936 1620.207 0.598 2.193 10 0.616 1.4 5.445 
4906.062 0.156 1.554 0.282 0.488 11.682 2558.414 0.285 1.565 0.25 35.545 1380.644 0.553 2.468 7 0.529 1.3 5.806 
6928.152 0.104 1.1 0.35 0.322 11.944 2450.886 0.391 1.838 0.266 36.596 1470.858 0.475 2.175 11 0.62 1.4 5.218 
4311.833 0.115 2.276 0.318 0.592 10.231 2656.109 0.377 2.625 0.271 32.768 1387.24 0.257 2.455 12 0.529 1.3 5.886 
6746.83 0.155 2.021 0.371 0.478 11.91 2616.428 0.492 3.772 0.212 32.222 1210.567 0.64 2.16 9 0.627 1.4 5.238 
4701.439 0.183 1.743 0.352 0.42 9.452 2332.757 0.232 3.267 0.237 33.704 1332.864 0.227 2.2 11 0.61 1.4 5.421 
6160.524 0.106 2.007 0.357 0.38 11.904 2465.594 0.22 2.575 0.269 36.582 1394.35 0.293 2.162 10 0.628 1.4 5.46 
5416.554 0.189 1.389 0.284 0.499 11.338 2448.114 0.417 2.28 0.281 34.936 1507.262 0.39 2.433 10 0.541 1.3 5.91 
4216.794 0.125 2.909 0.229 0.317 10.941 2415.08 0.292 2.699 0.298 35.726 1388.867 0.454 2.47 10 0.529 1.3 5.837 
6904.112 0.167 2.501 0.302 0.593 11.947 2142.456 0.357 3.4 0.257 36.162 1347.869 0.25 2.465 10 0.527 1.3 5.88 
6187.793 0.184 2.502 0.263 0.451 10.525 2334.914 0.259 2.216 0.261 33.102 1633.684 0.367 2.16 12 0.627 1.4 5.239 
5004.132 0.105 2.312 0.272 0.435 9.749 2379.125 0.28 1.826 0.214 32.905 1489.174 0.478 2.459 11 0.532 1.3 5.811 
5160.195 0.164 1.411 0.313 0.526 11.005 2183.51 0.298 1.382 0.28 33.463 1519.199 0.605 2.469 11 0.528 1.3 5.804 
6897.337 0.101 2.421 0.325 0.315 11.51 2373.585 0.455 3.087 0.232 33.153 1586.19 0.517 2.465 12 0.53 1.3 5.8 
5409.2 0.121 1.269 0.379 0.589 10.714 2478.414 0.25 2.278 0.285 33.197 1363.894 0.366 2.485 12 0.52 1.3 5.861 
5879.683 0.177 2.893 0.368 0.563 8.259 2675.685 0.227 2.75 0.291 33.184 1593.199 0.446 2.355 12 0.56 1.35 5.656 
6115.034 0.188 2.324 0.357 0.476 10.393 2645.499 0.481 1.467 0.283 36.977 1585.674 0.603 2.459 11 0.53 1.3 5.889 
6280.385 0.176 2.758 0.253 0.455 8.04 2575.38 0.417 1.874 0.275 33.215 1454.698 0.465 2.452 12 0.535 1.3 5.9 
6993.081 0.143 2.203 0.235 0.341 10.915 2390.019 0.415 1.241 0.247 34.838 1203.711 0.645 2.473 10 0.524 1.3 5.874 
5061.147 0.141 1.836 0.268 0.579 11.276 2087.902 0.456 1.136 0.228 33.144 1447.597 0.675 2.457 12 0.532 1.3 5.895 
