4757.301 0.164 1.791 0.384 0.573 11.662 2120.918 0.3 2.927 0.238 36.983 1633.191 0.18 2.263 11 0.578 1.35 5.419 
6465.248 0.151 2.697 0.254 0.57 9.974 2566.305 0.474 1.458 0.289 31.925 1222.647 0.583 2.266 10 0.567 1.35 5.453 
5242.721 0.13 1.984 0.289 0.569 11.844 2606.483 0.219 1.662 0.261 36.711 1366.521 0.525 2.322 11 0.552 1.35 5.431 
6627.268 0.154 1.168 0.368 0.557 10.351 2369.299 0.422 3.757 0.239 32.474 1358.119 0.416 2.319 11 0.553 1.35 5.431 
5037.01 0.178 2.461 0.324 0.518 9.067 2524.135 0.332 1.416 0.265 31.866 1567.35 0.595 2.273 11 0.574 1.35 5.462 
4481.34 0.157 1.575 0.371 0.501 11.129 2435.605 0.361 3.791 0.21 32.262 1459.27 0.227 2.258 10 0.571 1.35 5.467 
4698.934 0.15 1.129 0.248 0.354 11.342 2337.242 0.342 3.658 0.222 36.391 1259.557 0.435 2.036 11 0.644 1.45 5.331 
4726.195 0.139 1.578 0.211 0.484 10.914 2067.753 0.479 2.561 0.252 32.71 1583.248 0.597 2.304 10 0.561 1.35 5.452 
6378.325 0.197 2.798 0.353 0.433 9.055 2404.936 0.497 3.017 0.231 35.832 1230.229 0.657 2.124 10 0.614 1.4 5.389 
5181.951 0.152 1.259 0.327 0.478 11.636 2110.513 0.403 1.182 0.257 32.348 1405.536 0.662 2.269 9 0.575 1.35 5.438 
5130.285 0.184 1.698 0.255 0.362 9.408 2663.447 0.248 3.205 0.276 32.614 1455.145 0.276 2.072 12 0.634 1.4 5.348 
6606.997 0.159 2.754 0.238 0.586 11.173 2357.613 0.326 2.092 0.287 32.016 1343.409 0.402 2.019 12 0.649 1.45 5.438 
6350.467 0.144 2.671 0.269 0.512 10.517 2184.273 0.317 2.427 0.228 35.27 1468.486 0.335 2.28 9 0.571 1.35 5.456 
6658.346 0.136 1.441 0.296 0.576 11.99 2299.935 0.396 3.063 0.256 36.692 1365.484 0.32 2.24 11 0.577 1.35 5.479 
6287.369 0.138 2.696 0.284 0.491 9.113 2479.297 0.488 3.736 0.209 34.886 1443.646 0.627 2.242 11 0.583 1.35 5.497 
5765.913 0.112 1.134 0.218 0.58 9.365 2519.491 0.255 1.717 0.274 32.979 1485.274 0.509 2.037 12 0.644 1.45 5.385 
4762.753 0.198 1.482 0.26 0.51 10.827 2143.9 0.319 1.42 0.287 36.673 1220.135 0.594 2.227 10 0.58 1.35 5.48 
4728.374 0.153 1.735 0.375 0.375 8.969 2146.872 0.241 2.472 0.286 31.858 1423.015 0.294 2.303 11 0.558 1.35 5.373 
5595.336 0.146 2.818 0.27 0.345 11.759 2462.616 0.493 3.584 0.287 36.221 1359.523 0.643 2.294 10 0.564 1.35 5.45 
5475.17 0.171 2.007 0.348 0.351 9.13 2300.003 0.258 1.447 0.292 33.584 1432.739 0.587 2.298 10 0.563 1.35 5.186 
6841.496 0.143 2.663 0.377 0.569 11.056 2150.736 0.327 3.024 0.297 33.983 1533.75 0.331 2.133 11 0.613 1.4 5.445 
5579.121 0.128 1.872 0.375 0.549 10.379 2605.084 0.215 1.908 0.238 35.276 1534.679 0.455 2.211 12 0.597 1.35 5.396 
5848.59 0.197 2.709 0.337 0.349 10.817 2379.666 0.443 2.784 0.256 34.356 1577.815 0.477 2.002 10 0.654 1.45 5.441 
4689.264 0.162 1.345 0.367 0.32 11.074 2553.157 0.251 2.66 0.274 36.542 1210.921 0.36 2.233 12 0.588 1.35 5.391 
4634.282 0.192 2.617 0.289 0.52 9.656 2169.42 0.353 2.322 0.295 35.414 1362.426 0.337 2.311 10 0.554 1.35 5.359 
6525.342 0.168 2.121 0.346 0.523 8.503 2623.037 0.314 3.159 0.298 36.07 1577.998 0.192 2.023 9 0.649 1.45 5.441 
4575.455 0.197 1.387 0.272 0.374 8.707 2174.501 0.496 1.45 0.259 35.354 1206.31 0.653 2.127 11 0.613 1.4 5.404 
6344.353 0.186 1.704 0.334 0.331 9.256 2101.298 0.419 1.452 0.273 33.331 1506.992 0.585 2.357 11 0.538 1.35 5.468 
4662.924 0.181 1.599 0.309 0.333 9.2 2501.482 0.499 3.739 0.218 35.876 1241.718 0.663 2.017 12 0.65 1.45 5.446 
5882.342 0.141 1.486 0.307 0.568 8.245 2430.905 0.211 3.488 0.218 33.847 1502.933 0.297 2.309 10 0.557 1.35 5.43
5015.545 0.167 2.101 0.348 0.569 11.749 2385.61 0.296 1.589 0.223 32.767 1383.993 0.546 2.266 10 0.576 1.35 5.435 
5417.323 0.142 2.007 0.281 0.316 10.433 2692.918 0.368 3.792 0.25 32.818 1527.181 0.368 2.305 10 0.56 1.35 5.453 
6493.912 0.126 2.987 0.369 0.597 11.167 2155.405 0.311 1.508 0.253 32.443 1591.51 0.569 2.297 10 0.57 1.35 5.266 
5211.769 0.181 1.5 0.223 0.524 9.273 2079.578 0.374 2.334 0.289 32.748 1446.532 0.363 2.351 12 0.541 1.35 5.47 
6377.483 0.137 1.686 0.263 0.413 8.796 2592.394 0.417 1.272 0.276 33.729 1535.807 0.637 2.309 12 0.566 1.35 5.594 
