5409.779 0.165 1.835 0.208 0.49 10.258 2624.597 0.333 1.543 0.214 35.718 1509.122 0.559 2.482 11 0.525 1.3 5.852 
6614.781 0.17 2.431 0.392 0.365 9.546 2299.647 0.378 3.253 0.279 34.665 1518.008 0.27 2.43 12 0.54 1.3 5.91 
5668.994 0.193 1.63 0.322 0.42 8.362 2586.496 0.472 1.447 0.27 33.193 1259.246 0.587 2.318 12 0.57 1.35 5.581 
6626.467 0.128 1.481 0.338 0.366 11.0 2676.336 0.257 1.83 0.224 31.896 1563.746 0.477 2.478 11 0.523 1.3 5.872 
4201.138 0.189 2.361 0.224 0.596 9.552 2401.904 0.286 1.408 0.248 32.798 1268.445 0.598 2.487 9 0.519 1.3 5.611 
4769.446 0.12 1.556 0.238 0.526 8.435 2268.399 0.421 1.865 0.236 36.283 1470.629 0.467 2.451 12 0.534 1.3 5.892 
6603.661 0.166 1.863 0.345 0.543 8.465 2230.683 0.4 2.278 0.293 35.945 1206.741 0.349 2.476 11 0.527 1.3 5.843 
5117.795 0.161 2.311 0.317 0.331 9.313 2468.844 0.411 2.067 0.215 33.434 1617.542 0.409 2.459 12 0.529 1.3 5.888 
6587.398 0.122 1.644 0.388 0.372 11.889 2587.879 0.382 3.833 0.297 34.467 1588.722 0.273 2.491 12 0.521 1.3 5.832 
4723.508 0.112 1.077 0.205 0.436 8.191 2490.982 0.449 1.101 0.265 33.658 1238.898 0.685 2.479 12 0.525 1.3 5.8 
5670.996 0.105 2.753 0.33 0.351 11.31 2367.135 0.406 1.514 0.23 36.582 1446.401 0.567 2.469 12 0.53 1.3 5.846 
6392.899 0.18 1.501 0.202 0.552 11.366 2697.09 0.311 1.485 0.27 34.177 1237.317 0.576 2.163 11 0.621 1.4 5.058 
5369.392 0.124 2.452 0.36 0.401 9.342 2646.812 0.399 3.431 0.296 36.605 1632.377 0.33 2.461 10 0.532 1.3 5.805 
6768.659 0.189 1.673 0.33 0.547 11.33 2160.621 0.308 1.606 0.238 31.78 1313.56 0.541 2.454 11 0.531 1.3 5.887 
5606.23 0.164 1.345 0.314 0.391 10.43 2467.042 0.405 3.387 0.217 34.903 1369.115 0.35 2.014 11 0.677 1.45 5.127 
6089.878 0.143 2.072 0.392 0.309 10.28 2073.751 0.301 1.494 0.228 33.53 1338.553 0.573 2.471 9 0.528 1.3 5.803 
6726.951 0.164 1.857 0.39 0.463 10.396 2273.548 0.327 2.38 0.248 34.299 1454.423 0.32 2.483 11 0.523 1.3 5.798 
4621.78 0.187 1.07 0.375 0.525 10.857 2195.012 0.266 1.745 0.224 34.707 1627.361 0.501 2.453 12 0.536 1.3 5.845 
5958.493 0.143 2.936 0.205 0.459 10.751 2197.482 0.428 1.073 0.278 33.837 1591.41 0.693 2.445 11 0.538 1.3 5.822 
5238.554 0.155 1.412 0.328 0.523 11.819 2283.947 0.49 2.07 0.21 32.603 1282.337 0.633 2.471 10 0.528 1.3 5.798 
4935.154 0.183 2.218 0.378 0.52 11.506 2645.204 0.296 2.94 0.236 35.703 1204.153 0.22 2.472 9 0.528 1.3 5.808 
6536.079 0.19 1.134 0.29 0.327 10.624 2320.103 0.432 1.948 0.296 34.353 1219.737 0.443 2.206 12 0.608 1.4 5.422 
4234.738 0.106 2.37 0.31 0.35 9.553 2699.194 0.205 1.315 0.257 35.43 1294.775 0.624 2.446 10 0.534 1.3 5.899 
6260.58 0.108 1.425 0.25 0.515 10.443 2482.025 0.334 2.676 0.277 31.99 1391.899 0.287 2.463 11 0.527 1.3 5.889 
4369.791 0.19 1.08 0.214 0.469 11.053 2442.679 0.273 1.913 0.248 36.739 1566.386 0.46 2.462 11 0.53 1.3 5.814 
5497.926 0.164 2.477 0.277 0.455 11.079 2450.383 0.455 1.05 0.226 36.124 1342.21 0.7 2.439 12 0.538 1.3 5.907 
4264.096 0.199 2.049 0.234 0.491 10.891 2361.24 0.263 2.131 0.272 35.877 1234.536 0.391 2.431 10 0.539 1.3 5.911 
5450.122 0.151 2.095 0.368 0.533 10.283 2175.327 0.372 2.724 0.249 33.883 1559.55 0.24 2.455 10 0.534 1.3 5.81 
5741.266 0.125 1.32 0.398 0.537 9.098 2315.829 0.281 3.004 0.272 34.227 1521.628 0.34 2.419 11 0.545 1.3 5.925 
6689.228 0.151 2.134 0.347 0.586 10.37 2219.345 0.257 3.581 0.223 35.926 1411.647 0.172 2.469 9 0.524 1.3 5.873 
4545.882 0.149 1.857 0.266 0.582 9.151 2222.174 0.405 2.064 0.295 35.167 1485.279 0.41 2.476 11 0.527 1.3 5.844 
5724.013 0.147 1.211 0.387 0.502 8.524 2560.062 0.205 1.672 0.282 32.155 1631.867 0.522 2.359 10 0.558 1.35 5.668 
4378.304 0.179 1.774 0.324 0.476 8.849 2324.38 0.24 1.892 0.257 35.134 1511.131 0.459 2.454 11 0.53 1.3 5.887 
5001.918 0.145 1.902 0.291 0.59 10.881 2056.845 0.337 2.78 0.295 35.821 1357.727 0.206 2.48 11 0.524 1.3 5.796 
4697.957 0.102 2.985 0.215 0.553 8.816 2410.763 0.409 1.861 0.235 36.454 1368.621 0.492 2.349 11 0.562 1.35 5.669 
5730.731 0.162 1.117 0.344 0.495 10.742 2609.149 0.322 3.097 0.2 35.362 1366.678 0.442 2.481 8 0.524 1.3 5.795 
