6261.578 0.174 1.633 0.229 0.381 8.029 2276.164 0.44 1.992 0.272 34.038 1554.657 0.467 3.12 12 0.316 1.1 5.518 
5788.514 0.143 2.456 0.318 0.494 10.462 2575.051 0.427 1.571 0.272 36.962 1354.689 0.551 3.126 9 0.314 1.1 5.518 
5569.022 0.132 2.07 0.331 0.547 8.441 2129.629 0.408 1.017 0.215 36.152 1543.788 0.709 2.826 11 0.39 1.2 5.534 
4480.883 0.153 1.899 0.319 0.455 11.942 2306.605 0.239 1.646 0.234 36.685 1482.997 0.53 3.107 11 0.319 1.1 5.488 
6259.783 0.154 2.465 0.396 0.39 10.165 2406.328 0.344 3.007 0.278 35.587 1397.66 0.232 3.136 9 0.309 1.1 5.472 
5225.747 0.109 2.388 0.203 0.534 10.795 2376.491 0.293 2.039 0.238 36.156 1412.143 0.42 3.126 11 0.314 1.1 5.519 
5628.442 0.176 1.232 0.253 0.54 9.373 2666.553 0.29 3.463 0.265 33.943 1555.859 0.384 3.117 10 0.314 1.1 5.558 
4723.934 0.118 1.447 0.274 0.563 11.672 2175.9 0.473 1.522 0.251 33.092 1289.74 0.577 3.11 11 0.318 1.1 5.477 
5908.666 0.102 2.72 0.263 0.568 9.133 2147.74 0.231 1.34 0.202 35.962 1642.186 0.617 3.116 12 0.314 1.1 5.559 
6415.318 0.153 2.722 0.275 0.517 8.53 2370.001 0.449 2.081 0.279 36.582 1360.345 0.497 2.83 10 0.391 1.2 5.429 
5950.909 0.151 1.22 0.392 0.43 9.875 2416.589 0.32 1.625 0.239 34.279 1348.313 0.536 3.113 8 0.313 1.1 5.557 
5337.806 0.103 2.989 0.292 0.575 11.32 2311.212 0.45 2.754 0.249 36.653 1334.357 0.5 3.122 11 0.313 1.1 5.555 
5549.51 0.123 2.346 0.384 0.431 9.365 2532.565 0.29 2.903 0.24 34.643 1248.882 0.18 3.12 11 0.316 1.1 5.512 
5000.839 0.119 1.35 0.398 0.587 11.445 2602.873 0.339 1.667 0.256 33.088 1604.406 0.524 3.133 11 0.31 1.1 5.465 
5262.846 0.12 1.621 0.255 0.323 8.792 2509.554 0.448 3.459 0.238 34.486 1313.418 0.493 3.099 11 0.319 1.1 5.582 
6762.682 0.118 1.619 0.202 0.361 9.287 2641.175 0.24 2.327 0.258 34.87 1497.354 0.423 3.121 11 0.314 1.1 5.475 
6754.261 0.117 1.208 0.22 0.312 9.666 2246.52 0.216 2.225 0.287 31.753 1590.26 0.396 3.123 12 0.31 1.1 5.546 
4808.08 0.101 1.265 0.216 0.492 8.072 2457.268 0.412 3.221 0.285 36.258 1510.872 0.383 3.125 11 0.314 1.1 5.513 
5095.054 0.157 1.897 0.283 0.321 10.906 2619.043 0.323 1.854 0.296 34.123 1300.371 0.47 3.123 10 0.314 1.1 5.478 
6422.437 0.134 2.926 0.223 0.481 10.25 2392.199 0.24 3.56 0.269 35.293 1411.993 0.463 2.834 8 0.39 1.2 5.436 
4909.055 0.164 1.805 0.221 0.55 8.576 2078.563 0.296 3.758 0.26 31.718 1258.293 0.369 3.124 11 0.314 1.1 5.499 
6965.675 0.189 2.735 0.257 0.588 11.315 2243.684 0.298 3.464 0.241 36.333 1467.001 0.367 3.102 10 0.319 1.1 5.58 
4700.922 0.163 2.891 0.345 0.395 10.346 2611.32 0.418 2.787 0.266 32.97 1556.79 0.446 3.099 11 0.319 1.1 5.581 
5817.251 0.184 1.264 0.263 0.507 9.09 2450.857 0.253 3.765 0.269 32.586 1342.216 0.368 3.123 10 0.315 1.1 5.53 
6720.331 0.175 2.521 0.383 0.421 10.083 2636.715 0.221 1.351 0.291 35.188 1405.036 0.614 3.126 11 0.314 1.1 5.516 
4900.285 0.167 1.653 0.253 0.541 8.931 2390.895 0.296 3.669 0.295 34.747 1573.575 0.277 3.125 11 0.313 1.1 5.476 
5579.814 0.194 2.367 0.369 0.343 10.143 2498.884 0.282 2.679 0.238 33.35 1571.023 0.314 2.831 10 0.389 1.2 5.533 
4635.331 0.16 1.818 0.319 0.453 9.541 2209.886 0.425 3.666 0.207 31.902 1467.103 0.417 3.12 12 0.315 1.1 5.485 
6187.931 0.159 1.958 0.232 0.439 9.524 2380.656 0.258 1.721 0.268 33.967 1276.24 0.508 3.128 11 0.313 1.1 5.512 
6331.449 0.101 2.966 0.31 0.36 10.018 2602.651 0.473 2.735 0.254 35.799 1436.012 0.577 2.827 10 0.389 1.2 5.531 
4385.203 0.134 2.82 0.218 0.306 8.718 2104.873 0.257 3.275 0.286 35.254 1430.081 0.41 3.127 12 0.314 1.1 5.512 
5616.047 0.152 1.22 0.292 0.343 9.162 2458.766 0.401 2.602 0.285 34.256 1379.056 0.39 3.133 11 0.312 1.1 5.517 
5009.706 0.182 2.172 0.27 0.368 11.874 2322.414 0.285 2.451 0.207 34.464 1504.198 0.3 3.126 10 0.314 1.1 5.523 
4710.143 0.105 1.652 0.385 0.52 10.153 2598.442 0.397 1.602 0.248 34.075 1407.472 0.542 3.111 9 0.316 1.1 5.562 
4720.333 0.153 1.928 0.226 0.5 11.351 2390.316 0.345 2.458 0.209 32.878 1286.213 0.354 3.115 9 0.317 1.1 5.487 
6873.321 0.118 1.363 0.298 0.524 8.08 2398.707 0.41 1.66 0.264 32.54 1355.81 0.526 3.114 11 0.314 1.1 5.559 
