5355.661 0.139 2.09 0.273 0.47 9.985 2446.622 0.211 1.094 0.286 32.614 1355.691 0.687 3.696 11 0.298 0.9 7.112 
6864.308 0.166 2.423 0.287 0.421 11.435 2053.02 0.35 2.434 0.284 35.769 1408.063 0.305 3.703 12 0.297 0.9 7.109 
5057.416 0.139 1.324 0.225 0.591 11.913 2096.683 0.298 1.73 0.241 31.83 1515.273 0.506 3.702 11 0.297 0.9 7.117 
5160.512 0.125 2.319 0.224 0.332 9.549 2504.641 0.253 1.992 0.272 35.973 1212.25 0.431 3.698 12 0.298 0.9 7.165 
6326.614 0.133 2.204 0.232 0.514 8.967 2419.096 0.477 3.701 0.262 32.259 1252.434 0.59 3.691 11 0.3 0.9 7.128 
6667.807 0.13 1.094 0.202 0.514 10.925 2134.455 0.278 2.934 0.236 34.515 1427.773 0.453 3.702 10 0.297 0.9 7.096 
4893.339 0.141 2.412 0.388 0.331 10.181 2595.881 0.458 3.378 0.257 35.159 1552.537 0.527 3.703 11 0.297 0.9 7.132 
5587.48 0.131 2.063 0.252 0.431 9.174 2362.477 0.416 1.899 0.248 35.639 1248.886 0.457 3.702 9 0.297 0.9 7.099 
4619.782 0.145 2.6 0.35 0.479 9.173 2558.666 0.346 2.917 0.224 35.925 1235.691 0.3 2.758 9 0.441 1.2 5.93 
4791.776 0.145 1.603 0.245 0.51 10.468 2624.98 0.211 1.074 0.231 32.708 1414.832 0.693 3.693 10 0.299 0.9 7.113 
6741.55 0.12 1.22 0.341 0.432 11.905 2680.368 0.38 1.691 0.294 35.487 1518.617 0.517 3.698 10 0.297 0.9 7.097 
5381.036 0.14 2.765 0.359 0.485 8.832 2129.529 0.223 1.394 0.231 33.995 1208.592 0.602 3.706 10 0.296 0.9 7.121 
6207.68 0.132 1.235 0.344 0.598 11.388 2507.975 0.446 2.701 0.269 34.04 1554.067 0.487 3.704 11 0.297 0.9 7.129
4366.222 0.169 1.144 0.312 0.456 9.123 2110.116 0.35 1.638 0.261 33.815 1649.614 0.532 2.731 12 0.447 1.2 5.984
5739.639 0.171 2.434 0.311 0.33 9.201 2174.448 0.295 1.516 0.255 36.388 1542.503 0.567 3.688 10 0.301 0.9 7.171 
5697.388 0.198 1.387 0.293 0.504 10.689 2669.805 0.448 1.277 0.224 34.544 1513.477 0.635 2.747 11 0.442 1.2 5.972 
4204.559 0.173 2.972 0.342 0.548 11.189 2662.743 0.226 1.907 0.289 35.802 1642.105 0.486 3.705 11 0.296 0.9 7.112 
5514.359 0.139 2.254 0.247 0.316 8.495 2556.312 0.39 2.839 0.284 31.829 1324.498 0.368 3.706 12 0.296 0.9 7.095 
6888.53 0.197 2.026 0.242 0.39 11.916 2069.21 0.389 1.941 0.214 36.614 1375.95 0.445 3.692 11 0.299 0.9 7.118 
6245.941 0.157 2.094 0.258 0.488 8.205 2287.159 0.35 2.069 0.248 35.797 1562.771 0.409 3.703 9 0.297 0.9 7.157 
4938.869 0.142 2.327 0.344 0.331 9.086 2669.196 0.397 3.477 0.243 31.795 1424.166 0.338 3.706 9 0.296 0.9 7.123 
6922.189 0.14 2.252 0.274 0.405 8.993 2392.439 0.357 2.319 0.24 33.981 1325.521 0.337 3.703 11 0.297 0.9 7.132 
5837.153 0.17 1.21 0.217 0.382 10.174 2207.007 0.475 1.717 0.265 33.816 1225.023 0.583 3.704 12 0.297 0.9 7.12 
6987.86 0.199 1.598 0.323 0.51 9.067 2205.361 0.43 2.001 0.263 32.717 1486.316 0.433 3.692 11 0.299 0.9 7.117 
6909.427 0.197 2.141 0.244 0.584 10.177 2595.586 0.248 2.067 0.231 32.963 1648.419 0.409 3.704 12 0.297 0.9 7.108 
6854.353 0.178 1.531 0.273 0.519 9.532 2675.94 0.304 3.615 0.284 33.899 1275.337 0.235 3.696 10 0.299 0.9 7.134 
6249.372 0.105 1.524 0.346 0.435 8.547 2049.158 0.371 2.76 0.21 34.516 1248.888 0.3 2.75 11 0.441 1.2 5.971 
5823.423 0.142 2.786 0.21 0.389 11.174 2279.326 0.333 2.784 0.222 35.607 1270.129 0.4 3.706 10 0.296 0.9 7.127
4336.294 0.176 1.645 0.257 0.448 9.085 2697.216 0.449 2.426 0.234 32.376 1317.623 0.497 3.693 12 0.299 0.9 7.122 
6184.973 0.181 1.395 0.373 0.568 9.009 2549.771 0.405 2.853 0.217 36.438 1471.905 0.35 2.751 12 0.441 1.2 5.97
5672.255 0.169 1.818 0.362 0.52 10.748 2311.321 0.388 3.354 0.21 33.525 1590.765 0.293 3.687 10 0.301 0.9 7.169 

